aperture: f/1.7
camera: 'ONEPLUS A5000'
horizontalResolution: 72
verticalResolution: 72
software: 'GIMP 2.10.4'
exposure: 1/2853
iso: 125
creationdate: 2017-08-17T12:35:46+02:00
focalLength: 4.103
ColorSpace: 1
gps: '44.465335111111,4.7468486388889'
