aperture: f/1.7
camera: 'ONEPLUS A5000'
Orientation: 0
horizontalResolution: 72
verticalResolution: 72
software: 'GIMP 2.10.4'
exposure: 1/661
iso: 250
creationdate: 2017-08-17T11:43:51+02:00
focalLength: 4.103
ColorSpace: 1
gps: '44.492855694444,4.7457021944444'
